0.0025 0
0.0075 0
0.0125 0
0.0175 0
0.0225 0
0.0275 0
0.0325 0
0.0375 0
0.0425 0
0.0475 0
0.0525 0
0.0575 0
0.0625 0
0.0675 0
0.0725 0
0.0775 0
0.0825 0
0.0875 0
0.0925 0
0.0975 0
0.1025 0
0.1075 0
0.1125 0
0.1175 0
0.1225 0
0.1275 0
0.1325 0
0.1375 0
0.1425 0
0.1475 0
0.1525 0
0.1575 0
0.1625 0
0.1675 0
0.1725 0
0.1775 0
0.1825 0
0.1875 0
0.1925 0
0.1975 0
0.2025 0
0.2075 0
0.2125 0
0.2175 0
0.2225 0
0.2275 0
0.2325 0
0.2375 0
0.2425 0
0.2475 0
0.2525 0
0.2575 0
0.2625 0
0.2675 0
0.2725 0
0.2775 0
0.2825 0
0.2875 0
0.2925 0
0.2975 0
0.3025 0
0.3075 0
0.3125 0
0.3175 0
0.3225 0
0.3275 0
0.3325 0
0.3375 0
0.3425 0
0.3475 0
0.3525 0
0.3575 0
0.3625 0
0.3675 0
0.3725 0
0.3775 0
0.3825 0
0.3875 0
0.3925 0
0.3975 0
0.4025 0
0.4075 0
0.4125 0
0.4175 0
0.4225 0
0.4275 0
0.4325 0
0.4375 0
0.4425 0
0.4475 0
0.4525 0
0.4575 0
0.4625 0
0.4675 0
0.4725 0
0.4775 0
0.4825 0
0.4875 0
0.4925 0
0.4975 0
0.5025 0
0.5075 0
0.5125 0
0.5175 0
0.5225 0
0.5275 0
0.5325 0
0.5375 0
0.5425 0
0.5475 0
0.5525 0
0.5575 0
0.5625 0
0.5675 0
0.5725 0
0.5775 0
0.5825 0
0.5875 0
0.5925 0
0.5975 0
0.6025 0
0.6075 0
0.6125 0
0.6175 0
0.6225 0
0.6275 0
0.6325 0
0.6375 0
0.6425 0
0.6475 0
0.6525 0
0.6575 0
0.6625 0
0.6675 0
0.6725 0
0.6775 0
0.6825 0
0.6875 0
0.6925 0
0.6975 0
0.7025 0
0.7075 0
0.7125 0
0.7175 0
0.7225 0
0.7275 0
0.7325 0
0.7375 0
0.7425 0
0.7475 0
0.7525 0
0.7575 0
0.7625 0
0.7675 0
0.7725 0
0.7775 0
0.7825 0
0.7875 0
0.7925 0
0.7975 0
0.8025 0
0.8075 0
0.8125 0
0.8175 0
0.8225 0
0.8275 0
0.8325 0
0.8375 0
0.8425 0
0.8475 0
0.8525 0
0.8575 0
0.8625 0
0.8675 0
0.8725 0
0.8775 0
0.8825 0
0.8875 0
0.8925 0
0.8975 0
0.9025 0
0.9075 0
0.9125 0
0.9175 0
0.9225 0
0.9275 0
0.9325 0
0.9375 0
0.9425 0
0.9475 0
0.9525 0
0.9575 0
0.9625 0
0.9675 0
0.9725 0
0.9775 0
0.9825 0
0.9875 0
0.9925 0
0.9975 0
1.0025 2.46753
1.0075 4.91199
1.0125 4.75282
1.0175 4.56219
1.0225 4.31677
1.0275 4.3062
1.0325 4.19531
1.0375 4.06756
1.0425 4.0014
1.0475 3.85736
1.0525 3.72081
1.0575 3.66264
1.0625 3.59156
1.0675 3.55665
1.0725 3.32469
1.0775 3.24754
1.0825 3.1374
1.0875 3.07432
1.0925 3.0249
1.0975 2.93618
1.1025 2.89822
1.1075 2.73403
1.1125 2.6806
1.1175 2.65325
1.1225 2.54395
1.1275 2.53014
1.1325 2.43561
1.1375 2.35512
1.1425 2.35796
1.1475 2.28536
1.1525 2.16934
1.1575 2.23534
1.1625 2.18451
1.1675 2.03243
1.1725 1.97619
1.1775 1.96598
1.1825 1.89416
1.1875 1.86089
1.1925 1.87288
1.1975 1.74502
1.2025 1.70208
1.2075 1.66661
1.2125 1.61904
1.2175 1.65586
1.2225 1.58532
1.2275 1.534
1.2325 1.50109
1.2375 1.44532
1.2425 1.41879
1.2475 1.3724
1.2525 1.35036
1.2575 1.32111
1.2625 1.30115
1.2675 1.22436
1.2725 1.30553
1.2775 1.16607
1.2825 1.22621
1.2875 1.1859
1.2925 1.13372
1.2975 1.14314
1.3025 1.14698
1.3075 1.09064
1.3125 1.07504
1.3175 1.01234
1.3225 1.0004
1.3275 0.963767
1.3325 0.982155
1.3375 0.987039
1.3425 0.933289
1.3475 0.95477
1.3525 0.89572
1.3575 0.956692
1.3625 0.840332
1.3675 0.844058
1.3725 0.865994
1.3775 0.844161
1.3825 0.862316
1.3875 0.803028
1.3925 0.774466
1.3975 0.826451
1.4025 0.7358
1.4075 0.788569
1.4125 0.739704
1.4175 0.715401
1.4225 0.720427
1.4275 0.713896
1.4325 0.712403
1.4375 0.692015
1.4425 0.679205
1.4475 0.674883
1.4525 0.665174
1.4575 0.614316
1.4625 0.623463
1.4675 0.615003
1.4725 0.628456
1.4775 0.616649
1.4825 0.643513
1.4875 0.596157
1.4925 0.609014
1.4975 0.599817
1.5025 0.615432
1.5075 0.544604
1.5125 0.575429
1.5175 0.577303
1.5225 0.5693
1.5275 0.53841
1.5325 0.573519
1.5375 0.5577
1.5425 0.546156
1.5475 0.53977
1.5525 0.540334
1.5575 0.545487
1.5625 0.523603
1.5675 0.528776
1.5725 0.525276
1.5775 0.500944
1.5825 0.518793
1.5875 0.490581
1.5925 0.513739
1.5975 0.520637
1.6025 0.497592
1.6075 0.502272
1.6125 0.49761
1.6175 0.501378
1.6225 0.491899
1.6275 0.48863
1.6325 0.513856
1.6375 0.513597
1.6425 0.492876
1.6475 0.496155
1.6525 0.491191
1.6575 0.513008
1.6625 0.517918
1.6675 0.488488
1.6725 0.521235
1.6775 0.502203
1.6825 0.507086
1.6875 0.510245
1.6925 0.504935
1.6975 0.502605
1.7025 0.498609
1.7075 0.54657
1.7125 0.500708
1.7175 0.525483
1.7225 0.538074
1.7275 0.54107
1.7325 0.517218
1.7375 0.556067
1.7425 0.549956
1.7475 0.552066
1.7525 0.532128
1.7575 0.566015
1.7625 0.580234
1.7675 0.565645
1.7725 0.595923
1.7775 0.597063
1.7825 0.587365
1.7875 0.642533
1.7925 0.593663
1.7975 0.621851
1.8025 0.662579
1.8075 0.658372
1.8125 0.655372
1.8175 0.65593
1.8225 0.678851
1.8275 0.695778
1.8325 0.675928
1.8375 0.70717
1.8425 0.690502
1.8475 0.724632
1.8525 0.741593
1.8575 0.742291
1.8625 0.748362
1.8675 0.781206
1.8725 0.783322
1.8775 0.843323
1.8825 0.825127
1.8875 0.808165
1.8925 0.819634
1.8975 0.857047
1.9025 0.852164
1.9075 0.876174
1.9125 0.88211
1.9175 0.889507
1.9225 0.912861
1.9275 0.946853
1.9325 0.92664
1.9375 0.938275
1.9425 0.940646
1.9475 0.986336
1.9525 1.00249
1.9575 1.03025
1.9625 1.03091
1.9675 1.02792
1.9725 1.0478
1.9775 1.12435
1.9825 1.11466
1.9875 1.12625
1.9925 1.14208
1.9975 1.12634
2.0025 1.24102
2.0075 1.26251
2.0125 1.26826
2.0175 1.32998
2.0225 1.35003
2.0275 1.38621
2.0325 1.35078
2.0375 1.41029
2.0425 1.40964
2.0475 1.42471
2.0525 1.4397
2.0575 1.46193
2.0625 1.45041
2.0675 1.46177
2.0725 1.47032
2.0775 1.53391
2.0825 1.47975
2.0875 1.49025
2.0925 1.49626
2.0975 1.51315
2.1025 1.52656
2.1075 1.51242
2.1125 1.53287
2.1175 1.53972
2.1225 1.54721
2.1275 1.53618
2.1325 1.48462
2.1375 1.53736
2.1425 1.5034
2.1475 1.50489
2.1525 1.47382
2.1575 1.48996
2.1625 1.47494
2.1675 1.48144
2.1725 1.42668
2.1775 1.45329
2.1825 1.42112
2.1875 1.44109
2.1925 1.40388
2.1975 1.43257
2.2025 1.4027
2.2075 1.42447
2.2125 1.42642
2.2175 1.38063
2.2225 1.43126
2.2275 1.37475
2.2325 1.35534
2.2375 1.33601
2.2425 1.33048
2.2475 1.32116
2.2525 1.30711
2.2575 1.28331
2.2625 1.28743
2.2675 1.27039
2.2725 1.27326
2.2775 1.2554
2.2825 1.25547
2.2875 1.23459
2.2925 1.20632
2.2975 1.21427
2.3025 1.20822
2.3075 1.19878
2.3125 1.13898
2.3175 1.18189
2.3225 1.15378
2.3275 1.12887
2.3325 1.11112
2.3375 1.1528
2.3425 1.12714
2.3475 1.1153
2.3525 1.11323
2.3575 1.05475
2.3625 1.10125
2.3675 1.07083
2.3725 1.04416
2.3775 1.06513
2.3825 1.03978
2.3875 1.02622
2.3925 0.986711
2.3975 1.01925
2.4025 1.00731
2.4075 1.00106
2.4125 0.968452
2.4175 0.97059
2.4225 0.984528
2.4275 0.947148
2.4325 0.959019
2.4375 0.925365
2.4425 0.942503
2.4475 0.931519
2.4525 0.936035
2.4575 0.92802
2.4625 0.910743
2.4675 0.861366
2.4725 0.891152
2.4775 0.921105
2.4825 0.897933
2.4875 0.884915
2.4925 0.835798
2.4975 0.849015
2.5025 0.867894
2.5075 0.85333
2.5125 0.845939
2.5175 0.828067
2.5225 0.818204
2.5275 0.796213
2.5325 0.824292
2.5375 0.812803
2.5425 0.799954
2.5475 0.816069
2.5525 0.81363
2.5575 0.812319
2.5625 0.777523
2.5675 0.76626
2.5725 0.785065
2.5775 0.795473
2.5825 0.766794
2.5875 0.777197
2.5925 0.78287
2.5975 0.764569
2.6025 0.778488
2.6075 0.766848
2.6125 0.767296
2.6175 0.757907
2.6225 0.778551
2.6275 0.749307
2.6325 0.759565
2.6375 0.753516
2.6425 0.747489
2.6475 0.744997
2.6525 0.756534
2.6575 0.74327
2.6625 0.745366
2.6675 0.726274
2.6725 0.735084
2.6775 0.736115
2.6825 0.775
2.6875 0.758656
2.6925 0.731218
2.6975 0.751867
2.7025 0.759208
2.7075 0.758863
2.7125 0.752982
2.7175 0.750018
2.7225 0.763088
2.7275 0.730225
2.7325 0.772858
2.7375 0.763086
2.7425 0.785946
2.7475 0.775406
2.7525 0.757888
2.7575 0.787895
2.7625 0.771713
2.7675 0.775746
2.7725 0.81536
2.7775 0.786341
2.7825 0.784671
2.7875 0.794809
2.7925 0.785191
2.7975 0.803727
2.8025 0.81199
2.8075 0.833979
2.8125 0.799949
2.8175 0.821374
2.8225 0.840949
2.8275 0.833897
2.8325 0.864238
2.8375 0.863975
2.8425 0.865726
2.8475 0.855164
2.8525 0.859432
2.8575 0.851421
2.8625 0.884161
2.8675 0.889353
2.8725 0.871622
2.8775 0.895955
2.8825 0.90755
2.8875 0.901025
2.8925 0.918011
2.8975 0.928027
2.9025 0.961416
2.9075 0.959025
2.9125 0.936261
2.9175 0.962846
2.9225 0.97686
2.9275 0.950274
2.9325 0.999867
2.9375 0.980879
2.9425 0.974109
2.9475 0.995991
2.9525 0.972505
2.9575 1.01076
2.9625 1.03054
2.9675 1.00976
2.9725 1.02924
2.9775 1.02679
2.9825 1.07494
2.9875 1.06644
2.9925 1.04339
2.9975 1.06169
